#SPE version: 3.0
#Frame width: 600
#Frame height: 1
#Number of frames: 1
#Laser Wavelength (nm): 532
#Central Wavelength (nm): 532
#Date collected: 2017-02-21
#Time collected (hhmmss): 17:05:33
Wavelength	Frame 1	
526.11974309628954	20576.3
526.131306793124	20963.9
526.14287027302555	21298.9
526.15443353597027	21604.8
526.16599658193422	21078.9
526.17755941089354	20674.8
526.18912202282434	20963.4
526.20068441770275	21469.3
526.21224659550478	21441.3
526.22380855620668	20881.4
526.23537029978445	20462.1
526.24693182621434	19609.0
526.25849313547224	19549.6
526.27005422753439	19751.6
526.28161510237692	19820.2
526.293175759976	20085.7
526.3047362003075	19860.5
526.31629642334781	21658.2
526.327856429073	22624.0
526.33941621745907	23285.3
526.35097578848229	23432.3
526.36253514211865	22462.0
526.3740942783445	22653.6
526.38565319713564	21376.9
526.3972118984683	20393.9
526.40877038231883	20526.5
526.420328648663	19726.3
526.43188669747735	19921.9
526.4434445287377	20488.6
526.45500214242031	20451.7
526.46655953850131	20569.6
526.47811671695683	20996.3
526.48967367776288	20996.1
526.50123042089592	21779.8
526.51278694633174	22209.6
526.5243432540467	22756.5
526.5358993440168	22460.3
526.54745521621828	22288.0
526.55901087062728	23213.1
526.57056630722	22936.4
526.58212152597252	22235.3
526.5936765268608	21513.2
526.60523130986132	20408.4
526.6167858749501	20201.9
526.62834022210325	20438.9
526.6398943512969	20406.9
526.65144826250742	20235.7
526.66300195571068	19391.9
526.674555430883	19030.1
526.68610868800056	20790.4
526.69766172703942	20416.9
526.70921454797576	19952.3
526.72076715078583	19978.5
526.73231953544575	20136.7
526.74387170193165	21458.7
526.75542365021965	22563.1
526.76697538028611	24130.4
526.778526892107	26419.5
526.79007818565867	27650.1
526.80162926091714	27793.7
526.81318011785868	27532.9
526.82473075645942	25747.3
526.83628117669548	24098.1
526.84783137854311	23084.6
526.85938136197854	22188.0
526.87093112697778	21247.6
526.88248067351731	20364.2
526.8940300015729	19987.2
526.90557911112114	19770.8
526.91712800213793	20069.6
526.92867667459961	19333.2
526.94022512848221	19542.1
526.95177336376219	20652.1
526.96332138041544	20499.5
526.97486917841832	20928.6
526.98641675774707	22331.7
526.99796411837769	24029.2
527.00951126028667	24333.4
527.0210581834499	23825.4
527.03260488784372	23102.1
527.04415137344427	21333.3
527.05569764022789	20576.6
527.06724368817061	20442.7
527.07878951724877	20641.9
527.09033512743849	20762.8
527.101880518716	21364.0
527.1134256910575	23720.2
527.12497064443926	25133.0
527.13651537883743	25545.8
527.14805989422825	25476.5
527.15960419058786	24554.4
527.17114826789248	23780.5
527.18269212611847	22620.9
527.194235765242	24080.1
527.20577918523918	26077.5
527.21732238608615	27738.0
527.22886536775945	28880.4
527.240408130235	28737.5
527.2519506734892	28007.8
527.26349299749813	25500.0
527.27503510223823	23644.7
527.28657698768552	21054.8
527.29811865381635	21165.3
527.30966010060672	20660.2
527.32120132803334	20012.7
527.33274233607187	20463.6
527.344283124699	19841.0
527.35582369389067	20265.7
527.3673640436233	20899.4
527.378904173873	20611.6
527.39044408461621	21348.1
527.40198377582885	21287.8
527.41352324748743	23390.1
527.42506249956807	25890.6
527.436601532047	29361.8
527.44814034490059	31610.2
527.459678938105	32527.6
527.47121731163634	30601.9
527.48275546547109	28898.6
527.49429339958533	26344.4
527.50583111395554	23628.6
527.51736860855772	21270.6
527.52890588336822	20753.2
527.54044293836341	20728.0
527.55197977351929	19989.8
527.56351638881233	19984.9
527.57505278421877	20190.3
527.58658895971473	20461.8
527.59812491527657	20750.7
527.60966065088064	21322.0
527.62119616650307	22042.6
527.63273146212009	23103.7
527.64426653770818	26022.0
527.65580139324334	27859.7
527.667336028702	30836.3
527.67887044406052	31807.3
527.690404639295	31289.5
527.70193861438179	28445.4
527.713472369297	27196.5
527.72500590401717	25005.9
527.73653921851849	24158.6
527.74807231277714	25278.7
527.75960518676948	27118.8
527.77113784047174	30053.0
527.78267027386028	29549.8
527.79420248691144	28221.2
527.80573447960126	26836.3
527.81726625190618	25376.7
527.82879780380256	22853.2
527.84032913526664	22022.6
527.85186024627467	22538.5
527.86339113680287	23538.0
527.87492180682762	23948.8
527.88645225632524	26179.1
527.897982485272	26163.2
527.90951249364412	26495.7
527.92104228141818	24961.0
527.93257184857009	22620.5
527.94410119507643	22340.8
527.95563032091331	21046.5
527.96715922605722	20577.3
527.97868791048427	20015.9
527.99021637417093	19799.3
528.00174461709344	20299.2
528.01327263922815	20673.6
528.0248004405513	21673.2
528.03632802103925	21534.6
528.04785538066824	22309.8
528.05938251941473	24376.1
528.07090943725484	27503.7
528.082436134165	32783.8
528.09396261012159	37985.8
528.10548886510094	42175.7
528.11701489907921	43084.2
528.12854071203276	40461.3
528.140066303938	36691.1
528.15159167477123	32352.4
528.16311682450873	27082.7
528.17464175312693	23420.9
528.186166460602	21326.4
528.19769094691026	21239.7
528.20921521202831	20751.5
528.22073925593224	20217.7
528.23226307859841	20345.1
528.24378668000315	20228.6
528.255310060123	20273.0
528.266833218934	19766.8
528.27835615641277	19976.8
528.28987887253538	20747.0
528.30140136727834	22860.6
528.3129236406179	23607.1
528.3244456925305	25915.8
528.33596752299252	27338.1
528.34748913198007	27089.7
528.35901051946973	27348.4
528.37053168543775	27197.0
528.38205262986048	26293.3
528.3935733527145	26732.6
528.4050938539757	28759.8
528.4166141336209	30857.5
528.4281341916261	32252.2
528.43965402796789	31214.1
528.45117364262251	27950.8
528.46269303556642	25744.5
528.47421220677575	23171.4
528.48573115622719	22224.0
528.49724988389687	21351.8
528.50876838976137	22180.9
528.5202866737967	23287.2
528.53180473597956	25112.2
528.5433225762863	27826.4
528.554840194693	29890.6
528.56635759117626	31889.8
528.57787476571252	33456.0
528.58939171827808	31747.7
528.60090844884917	27906.2
528.61242495740237	23845.1
528.62394124391392	22337.6
528.63545730836029	21375.5
528.64697315071771	21053.4
528.65848877096278	20320.2
528.67000416907183	20539.7
528.68151934502112	21370.3
528.6930342987871	22157.2
528.70454903034624	23997.7
528.71606353967491	25927.8
528.72757782674933	28465.9
528.739091891546	30766.7
528.75060573404141	30847.8
528.76211935421179	32879.4
528.77363275203379	32636.7
528.78514592748343	30322.3
528.79665888053739	27961.1
528.80817161117193	26388.7
528.81968411936361	24067.8
528.83119640508869	22218.0
528.84270846832362	22400.1
528.85422030904476	20835.9
528.86573192722858	19720.1
528.87724332285154	19849.2
528.88875449588988	20700.8
528.90026544632019	19896.5
528.9117761741187	19460.7
528.92328667926188	19649.8
528.93479696172631	20231.2
528.94630702148822	20989.6
528.9578168585241	20685.2
528.96932647281039	22536.3
528.98083586432335	25192.3
528.99234503303967	27132.4
529.00385397893547	28634.3
529.01536270198744	30348.8
529.026871202172	32028.2
529.03837947946522	33306.9
529.049887533844	33629.8
529.0613953652844	32383.9
529.072902973763	32076.9
529.08441035925625	30201.8
529.0959175217406	27554.2
529.10742446119252	24721.8
529.11893117758825	22713.0
529.13043767090437	22287.6
529.14194394111735	20696.9
529.15344998820353	20964.4
529.1649558121394	20737.1
529.1764614129014	19929.3
529.187966790466	19968.5
529.19947194480949	20936.2
529.21097687590861	21829.0
529.22248158373952	23352.8
529.23398606827891	23330.6
529.245490329503	22803.7
529.25699436738842	22666.7
529.26849818191158	22135.6
529.28000177304875	21635.8
529.29150514077674	21093.1
529.30300828507166	20764.0
529.31451120591021	21047.0
529.32601390326874	20723.0
529.33751637712373	21232.5
529.34901862745164	21297.8
529.36052065422894	22091.3
529.37202245743208	22502.3
529.38352403703755	23319.4
529.3950253930218	23442.0
529.40652652536119	23860.2
529.41802743403241	23940.8
529.42952811901182	24373.1
529.44102858027588	24613.3
529.45252881780118	25442.6
529.46402883156406	25800.9
529.47552862154089	24910.0
529.48702818770846	24532.2
529.49852753004291	23182.1
529.510026648521	21528.5
529.5215255431192	20456.0
529.53302421381375	19448.4
529.54452266058138	19378.9
529.55602088339845	20000.1
529.56751888224142	19872.7
529.57901665708687	18964.7
529.59051420791127	19586.4
529.60201153469109	19089.8
529.6135086374029	20229.0
529.62500551602307	19032.6
529.63650217052816	19905.9
529.64799860089465	19592.8
529.659494807099	19650.1
529.67099078911781	20067.8
529.68248654692752	19217.3
529.69398208050461	19851.9
529.70547738982566	19773.0
529.71697247486713	20154.8
529.7284673356055	20051.0
529.73996197201734	19498.8
529.75145638407912	19815.3
529.76295057176731	20477.8
529.77444453505848	19759.6
529.78593827392922	20357.9
529.79743178835577	20474.9
529.808925078315	21392.0
529.82041814378317	22377.2
529.83191098473685	21648.6
529.84340360115266	21640.6
529.85489599300706	20943.0
529.86638816027664	20539.3
529.87788010293764	20372.9
529.889371820967	20288.0
529.900863314341	20945.6
529.91235458303618	20133.8
529.9238456270291	19638.2
529.93533644629633	19546.5
529.94682704081436	19539.9
529.95831741055963	19592.4
529.96980755550885	20353.2
529.98129747563848	19497.1
529.99278717092511	19848.4
530.0042766413452	18999.3
530.01576588687533	19516.2
530.027254907492	19906.2
530.03874370317169	19960.8
530.0502322738912	20265.2
530.06172061962684	20140.2
530.0732087403552	19687.8
530.08469663605285	20915.6
530.09618430669639	22252.8
530.10767175226226	23417.6
530.11915897272718	24636.9
530.13064596806748	26288.4
530.14213273825987	26542.2
530.15361928328093	25480.0
530.16510560310712	24730.5
530.17659169771514	25071.1
530.18807756708134	24154.2
530.19956321118241	23850.2
530.21104862999493	24079.8
530.2225338234955	23402.1
530.23401879166045	22122.4
530.24550353446659	21983.3
530.25698805189052	20923.6
530.26847234390857	21364.8
530.27995641049745	20808.4
530.29144025163373	19910.7
530.302923867294	20527.3
530.31440725745483	21577.0
530.32589042209281	21876.4
530.33737336118452	22642.2
530.34885607470642	23696.8
530.36033856263521	23419.1
530.37182082494746	23152.8
530.38330286161977	23091.7
530.39478467262859	21662.2
530.40626625795062	20812.3
530.41774761756244	20044.2
530.42922875144075	20552.8
530.440709659562	20444.3
530.45219034190279	21061.8
530.46367079843969	21963.3
530.47515102914929	22586.2
530.48663103400827	24378.1
530.49811081299322	27542.8
530.50959036608072	28792.1
530.52106969324734	30231.0
530.53254879446968	31765.9
530.5440276697243	32515.8
530.555506318988	31971.5
530.5669847422372	32320.7
530.57846293944851	33063.1
530.58994091059867	31426.3
530.601418655664	29083.3
530.6128961746216	26786.6
530.62437346744764	23431.8
530.635850534119	21871.4
530.647327374612	20841.9
530.65880398890351	20325.5
530.67028037697014	20269.2
530.68175653878836	20125.1
530.693232474335	20097.4
530.70470818358649	20139.0
530.71618366651956	19788.4
530.72765892311077	20868.3
530.7391339533367	21459.6
530.75060875717418	20931.7
530.76208333459954	22784.5
530.77355768558982	24531.0
530.78503181012127	27632.5
530.79650570817057	28688.4
530.80797937971454	32176.7
530.81945282472986	35133.1
530.83092604319279	36031.1
530.84239903508035	34165.9
530.853871800369	34136.7
530.86534433903546	31865.7
530.87681665105629	29003.9
530.88828873640819	25334.7
530.89976059506773	23502.0
530.91123222701174	22122.8
530.92270363221655	20936.1
530.9341748106591	21250.2
530.94564576231608	21590.8
530.95711648716383	21625.1
530.96858698517917	21769.7
530.98005725633891	23220.5
530.9915273006194	26065.5
531.00299711799755	29525.9
531.01446670845	33067.8
531.02593607195308	34688.8
531.037405208484	36863.1
531.048874118019	34958.2
531.06034280053473	30508.0
531.07181125600812	27777.3
531.08327948441581	24285.8
531.09474748573416	22841.4
531.1062152599402	22680.9
531.1176828070104	22699.1
531.12915012692156	24271.8
531.14061721965027	26563.3
531.1520840851731	30421.7
531.163550723467	33334.5
531.17501713450838	32650.8
531.1864833182741	33514.2
531.19794927474061	32925.5
531.20941500388494	30085.5
531.22088050568345	28186.6
531.23234578011306	27431.0
531.24381082715036	27942.4
531.255275646772	28479.7
531.26674023895464	29134.1
531.27820460367514	27415.0
531.28966874091	25574.3
531.30113265063608	22958.3
531.31259633282991	22118.4
531.32405978746829	20769.0
531.33552301452789	20937.7
531.34698601398543	20618.1
531.35844878581759	20089.9
531.36991133000106	20594.0
531.38137364651254	20688.4
531.39283573532884	21287.8
531.40429759642655	20736.4
531.41575922978234	22319.2
531.427220635373	23561.7
531.43868181317532	26625.5
531.45014276316579	31284.9
531.46160348532123	37106.6
531.47306397961836	43617.7
531.48452424603408	47865.9
531.49598428454487	48198.0
531.50744409512731	47362.3
531.51890367775854	41713.0
531.53036303241493	34218.3
531.54182215907338	28037.8
531.55328105771059	24951.7
531.56473972830327	22756.1
531.57619817082809	20948.6
531.58765638526188	20579.0
531.59911437158121	21433.0
531.610572129763	19495.7
531.62202965978383	20361.4
531.63348696162052	20617.3
531.64494403524975	20760.7
531.65640088064833	21453.3
531.667857497793	22179.4
531.67931388666034	23971.1
531.69077004722726	26455.2
531.70222597947043	27694.7
531.71368168336664	28631.6
531.72513715889261	27904.7
531.73659240602512	26284.8
531.74804742474066	24940.2
531.75950221501637	23021.4
531.77095677682883	22746.4
531.78241111015473	23351.8
531.79386521497088	26798.3
531.805319091254	28797.9
531.816772738981	32083.5
531.82822615812836	33063.5
531.83967934867314	32434.7
531.85113231059188	31198.0
531.86258504386137	27290.9
531.87403754845832	24604.1
531.88548982435975	26797.9
531.89694187154225	28088.0
531.90839368998252	31493.6
531.91984527965747	34420.6
531.93129664054379	35575.0
531.9427477726183	35388.2
531.9541986758577	33109.0
531.96564935023878	29326.4
531.97709979573835	25947.5
531.98855001233312	22850.6
532	21332.8
532.01144975871568	21126.2
532.02289928845687	20389.4
532.03434858920048	20039.1
532.04579766092331	20948.0
532.057246503602	20833.8
532.06869511721345	20839.7
532.08014350173437	21318.1
532.09159165714175	21684.7
532.10303958341194	22969.2
532.11448728052221	26050.4
532.12593474844914	29279.3
532.13738198716942	33246.2
532.14882899666009	35727.6
532.16027577689772	37068.8
532.17172232785936	34694.0
532.18316864952158	30937.4
532.19461474186119	26771.5
532.20606060485511	23823.9
532.21750623848	22433.4
532.228951642713	20938.7
532.2403968175305	20227.9
532.25184176290963	20532.6
532.2632864788269	20768.0
532.27473096525944	20040.2
532.28617522218372	20268.2
532.29761924957688	21062.9
532.30906304741552	21112.5
532.32050661567655	22008.3
532.33194995433678	21993.6
532.343393063373	24177.7
532.354835942762	26424.7
532.36627859248074	29080.6
532.37772101250584	31614.1
532.3891632028143	33794.5
532.40060516338292	32238.7
532.41204689418839	30251.7
532.42348839520776	26713.1
532.4349296664177	25817.5
532.446370707795	25054.6
532.45781151931669	25334.5
532.46925210095935	26071.3
532.4806924527	27267.0
532.49213257451561	27746.7
532.50357246638271	25228.4
532.51501212827827	24355.3
532.52645156017923	21312.0
532.53789076206226	20677.6
532.54932973390419	20283.0
532.56076847568215	20201.1
532.57220698737274	21707.4
532.58364526895275	22552.1
532.59508332039923	23356.0
532.606521141689	24833.2
532.6179587327988	25253.7
532.62939609370551	24981.0
532.64083322438614	23435.0
532.65227012481728	22741.4
532.663706794976	21234.3
532.6751432348392	20795.8
532.68657944438348	19417.9
532.698015423586	19765.4
532.70945117242343	20067.6
532.7208866908727	19672.4
532.73232197891059	20239.7
532.74375703651413	20363.7
532.75519186366012	21787.2
532.76662646032548	22347.5
532.77806082648692	24306.3
532.78949496212135	25991.0
532.80092886720593	27851.4
532.81236254171722	30534.5
532.82379598563216	32700.1
532.83522919892766	32894.4
532.84666218158065	30988.6
532.85809493356794	28313.8
532.86952745486644	25855.6
532.88095974545308	23303.4
532.89239180530467	21836.5
532.90382363439824	19895.9
532.91525523271048	20014.9
532.92668660021843	19664.0
532.93811773689879	19954.1
532.9495486427287	19562.7
532.960979317685	19606.9
532.97240976174453	19885.5
532.98383997488406	19527.1
532.99526995708072	19333.3
533.00669970831143	19599.3
